vehicle_id,response_time
0,0.11146044731140137
0,0.14130926132202148
0,0.1321547031402588
0,0.11991763114929199
0,0.11275887489318848
0,0.1273488998413086
0,0.12837004661560059
0,0.10399627685546875
0,0.10507416725158691
0,0.13170242309570312
0,0.14003944396972656
0,0.11101984977722168
0,0.10259246826171875
0,0.09768462181091309
0,0.12410163879394531
0,0.10513830184936523
0,0.12009501457214355
0,0.10823702812194824
0,0.10983562469482422
0,0.12425470352172852
0,0.09213709831237793
0,0.14121317863464355
0,1.0583345890045166
0,1.2800755500793457
0,0.1402599811553955
0,0.10246682167053223
0,0.09470939636230469
0,0.12677741050720215
0,0.09088611602783203
0,0.12897562980651855
