vehicle_id,response_time
6,1.556431770324707
6,3.0562379360198975
6,1.476815938949585
6,0.4266817569732666
6,0.6558446884155273
6,0.3792390823364258
6,0.16440200805664062
6,0.9618110656738281
6,0.7036774158477783
6,1.0576708316802979
6,1.098909616470337
6,1.3529975414276123
6,1.057877779006958
6,0.5401022434234619
6,3.2730135917663574
6,0.47246766090393066
6,0.40724873542785645
6,0.898021936416626
6,0.1537463665008545
6,0.08999395370483398
6,0.10004019737243652
6,0.08484864234924316
6,0.08245682716369629
6,0.08557868003845215
6,0.08247995376586914
6,0.08622097969055176
6,0.08189034461975098
6,0.10749220848083496
6,1.762362003326416
6,2.2327799797058105
1,1.5649046897888184
1,4.520303964614868
1,0.3775825500488281
1,0.3808257579803467
1,0.37731027603149414
1,0.656930685043335
1,0.8024876117706299
1,0.7892434597015381
1,1.9694058895111084
1,1.1223676204681396
1,0.9171359539031982
1,1.1285350322723389
1,0.8772845268249512
1,1.932704210281372
1,0.5268616676330566
1,0.734626293182373
1,0.5610055923461914
1,0.5010716915130615
1,0.188309907913208
1,0.10797500610351562
1,0.08419585227966309
1,0.08521604537963867
1,0.09746217727661133
1,0.09101057052612305
1,0.08764791488647461
1,0.09389424324035645
1,0.09231424331665039
1,0.08250689506530762
1,1.502150058746338
1,2.4528393745422363
7,2.455599784851074
7,0.9737606048583984
7,2.1008267402648926
7,0.6927149295806885
7,1.379612684249878
7,0.3951270580291748
7,1.498117446899414
7,0.7148311138153076
7,1.0079221725463867
7,0.6368741989135742
7,0.10317826271057129
7,0.7235486507415771
7,0.6950461864471436
7,0.517401933670044
7,3.6646289825439453
7,1.520432949066162
7,3.1119511127471924
7,0.08850312232971191
7,0.09023308753967285
7,0.08056807518005371
7,0.09616780281066895
7,0.09090805053710938
7,0.09807014465332031
7,0.09067845344543457
7,0.08922791481018066
7,1.1242964267730713
7,0.5999062061309814
7,1.88273024559021
7,2.476485013961792
7,2.113154172897339
2,1.560486078262329
2,3.370898723602295
2,0.5589680671691895
2,1.9092085361480713
2,0.39498019218444824
2,1.7336044311523438
2,0.7822966575622559
2,1.7245583534240723
2,0.47075653076171875
2,0.18805336952209473
2,0.792165994644165
2,1.2940771579742432
2,4.785096645355225
2,2.1109349727630615
2,0.3913731575012207
2,1.1571118831634521
2,0.08520913124084473
2,0.10273361206054688
2,0.07482242584228516
2,0.08421039581298828
2,0.09673786163330078
2,0.09119677543640137
2,0.09204602241516113
2,0.0929863452911377
2,1.1058506965637207
2,0.45947718620300293
2,2.0524487495422363
2,2.042835235595703
2,2.456589937210083
2,0.0901648998260498
3,1.4762685298919678
3,1.9546256065368652
3,2.058384895324707
3,1.5490152835845947
3,0.5576596260070801
3,0.39383506774902344
3,0.6894567012786865
3,0.7895278930664062
3,8.15075969696045
3,0.874075174331665
3,2.439426898956299
3,0.8143374919891357
3,0.48880600929260254
3,0.5871601104736328
3,0.7932655811309814
3,0.09010934829711914
3,0.08303022384643555
3,0.11089205741882324
3,0.07924699783325195
3,0.0948190689086914
3,0.08041715621948242
3,0.09049296379089355
3,0.09503388404846191
3,0.08812928199768066
3,1.8357293605804443
3,2.2356643676757812
3,2.0725772380828857
3,2.4989194869995117
3,0.1008141040802002
3,0.09205269813537598
0,1.906832218170166
0,0.5527431964874268
0,3.4580025672912598
0,0.4723670482635498
0,0.4036693572998047
0,0.37001633644104004
0,0.348984956741333
0,0.978374719619751
0,0.708350419998169
0,0.41744422912597656
0,3.864457845687866
0,1.3005938529968262
0,4.785224676132202
0,0.7234547138214111
0,1.5611004829406738
0,1.256113052368164
0,0.09550094604492188
0,0.08325695991516113
0,0.11789226531982422
0,0.08885908126831055
0,0.09251856803894043
0,1.1197702884674072
0,0.08443951606750488
0,0.08624553680419922
0,1.966020107269287
0,1.6678898334503174
0,1.8768291473388672
0,2.984555721282959
0,0.13230133056640625
0,0.36112165451049805
4,1.555448055267334
4,3.9642868041992188
4,11.917341947555542
4,1.2624669075012207
4,0.6639308929443359
4,0.4811365604400635
4,0.49416613578796387
4,2.886199712753296
4,0.6054074764251709
4,0.8812639713287354
4,0.5600419044494629
4,0.4611079692840576
4,0.16005659103393555
4,0.09618663787841797
4,0.08064484596252441
4,0.09209966659545898
4,0.08618760108947754
4,0.08988404273986816
4,0.08787679672241211
4,0.09333920478820801
4,0.09300041198730469
4,0.09626960754394531
4,1.3639419078826904
4,2.438293933868408
4,1.8785114288330078
4,2.982926607131958
4,0.12476658821105957
4,0.15002799034118652
4,0.1185758113861084
4,0.08634328842163086
5,1.5636866092681885
5,3.956507921218872
5,0.3774878978729248
5,0.3546290397644043
5,0.7474510669708252
5,0.5099954605102539
5,0.14540481567382812
5,0.8319542407989502
5,1.5576505661010742
5,1.0936861038208008
5,0.45371508598327637
5,0.4991726875305176
5,2.2219324111938477
5,0.5495026111602783
5,15.025918245315552
5,0.0931854248046875
5,0.09318780899047852
5,0.07916712760925293
5,12.090609550476074
5,0.08276224136352539
5,0.09216856956481934
5,0.1253674030303955
5,0.0846552848815918
5,0.12227106094360352
5,0.09067273139953613
5,0.09375762939453125
5,0.10750961303710938
5,0.8233463764190674
5,0.4014248847961426
5,0.8398566246032715
