vehicle_id,response_time
0,0.21013808250427246
0,0.18585753440856934
0,0.15106201171875
0,0.15662503242492676
0,0.13489580154418945
0,0.13435006141662598
0,0.10703420639038086
0,0.11795258522033691
0,0.16922760009765625
0,1.9452660083770752
0,0.16195082664489746
0,0.11432290077209473
0,0.13094544410705566
0,0.12114882469177246
0,0.12583160400390625
0,0.1205744743347168
0,0.10654091835021973
0,0.1655435562133789
0,0.1659562587738037
0,0.17789292335510254
0,0.18704557418823242
0,0.09819436073303223
0,0.10809850692749023
0,0.19741272926330566
0,0.15403079986572266
0,0.12601161003112793
0,0.10290408134460449
0,0.1240839958190918
0,0.10999298095703125
0,0.12438797950744629
2,0.16179847717285156
2,0.23030948638916016
2,0.14064908027648926
2,0.17936134338378906
2,0.13174653053283691
2,0.11049699783325195
2,0.10306024551391602
2,0.11378097534179688
2,0.19803571701049805
2,1.935136318206787
2,0.14536762237548828
2,0.12633514404296875
2,0.13856029510498047
2,0.11431503295898438
2,0.1285417079925537
2,0.1394040584564209
2,0.11345720291137695
2,0.1575641632080078
2,0.14336347579956055
2,0.17917299270629883
2,0.16301631927490234
2,0.09618377685546875
2,0.12466716766357422
2,0.20396208763122559
2,0.13835763931274414
2,0.1101081371307373
2,0.10242223739624023
2,0.1144721508026123
2,0.11162734031677246
2,0.1724257469177246
1,0.17613959312438965
1,0.2223813533782959
1,0.15460515022277832
1,0.39665961265563965
1,0.13491559028625488
1,0.10948014259338379
1,0.10051417350769043
1,0.08586382865905762
1,0.352036714553833
1,4.329100131988525
1,0.10187935829162598
1,0.11954903602600098
1,0.09841394424438477
1,0.11401820182800293
1,0.10919570922851562
1,0.12172842025756836
1,0.13413453102111816
1,0.11330294609069824
1,0.11550045013427734
1,0.11663579940795898
1,0.11077713966369629
1,0.12104463577270508
1,0.08973956108093262
1,0.11397767066955566
1,0.11767292022705078
1,0.11240983009338379
1,0.11948370933532715
1,0.09410452842712402
1,0.10551857948303223
1,0.11750078201293945
