vehicle_id,response_time
2,0.16284823417663574
2,0.3339962959289551
2,0.08782291412353516
2,0.08318948745727539
2,0.0879366397857666
2,0.1182398796081543
2,0.09620881080627441
2,1.4008667469024658
2,0.7419323921203613
2,0.0982818603515625
2,0.11091065406799316
2,0.10530877113342285
2,0.09138822555541992
2,0.07746767997741699
2,0.1010749340057373
2,0.08674120903015137
2,0.08819699287414551
2,0.08469867706298828
2,0.10912728309631348
2,0.08296060562133789
2,0.08759784698486328
2,0.08277511596679688
2,0.09158015251159668
2,0.0953516960144043
2,0.08862185478210449
2,0.08742094039916992
2,0.0936579704284668
2,0.07759475708007812
2,0.08251786231994629
2,0.0936431884765625
2,0.09054422378540039
2,0.09664654731750488
2,0.08295559883117676
2,0.08589649200439453
2,0.08594346046447754
2,0.09162306785583496
2,0.07599210739135742
2,0.8731081485748291
2,0.967017412185669
2,0.545842170715332
2,0.8727962970733643
2,0.38269567489624023
2,0.9879043102264404
2,0.20723319053649902
2,0.09997344017028809
2,0.09878277778625488
2,0.08289885520935059
2,0.08560538291931152
2,0.1119546890258789
2,0.12379598617553711
2,0.1090543270111084
2,0.09236025810241699
2,0.08919644355773926
2,0.21636748313903809
2,1.1189093589782715
2,0.09942817687988281
2,0.09365725517272949
2,1.6182653903961182
2,0.6889598369598389
2,0.09305906295776367
1,0.17252707481384277
1,0.1002798080444336
1,0.07630658149719238
1,0.09936809539794922
1,0.0878751277923584
1,0.08829879760742188
1,0.10091495513916016
1,0.15779948234558105
1,0.49777650833129883
1,0.9137711524963379
1,0.12058615684509277
1,0.10099935531616211
1,0.0931849479675293
1,0.08591437339782715
1,0.08721923828125
1,0.09197497367858887
1,0.08315682411193848
1,0.09553027153015137
1,0.1263713836669922
1,0.11907768249511719
1,0.34066271781921387
1,0.08219337463378906
1,0.09122753143310547
1,0.09140729904174805
1,0.10517644882202148
1,0.09271526336669922
1,0.10386061668395996
1,0.08856558799743652
1,0.07838559150695801
1,0.09204435348510742
1,0.08101868629455566
1,0.0830535888671875
1,0.09319353103637695
1,0.08486366271972656
1,0.09025359153747559
1,0.09255266189575195
1,0.08843994140625
1,1.5463335514068604
1,1.0118978023529053
1,0.7076988220214844
1,0.9678390026092529
1,0.2957589626312256
1,0.7827670574188232
1,0.16954398155212402
1,0.09572052955627441
1,0.09918856620788574
1,0.08858203887939453
1,0.10574197769165039
1,0.13423871994018555
1,0.09471321105957031
1,0.11511611938476562
1,0.3130311965942383
1,0.09311413764953613
1,0.8214361667633057
1,1.246875524520874
1,0.0955357551574707
1,0.8671245574951172
1,2.117868423461914
1,0.12543153762817383
1,0.0821993350982666
0,0.13565611839294434
0,0.08844256401062012
0,0.08775448799133301
0,0.08950018882751465
0,0.07758259773254395
0,0.10671663284301758
0,0.11407017707824707
0,0.13216876983642578
0,0.5321049690246582
0,0.9128813743591309
0,0.13325262069702148
0,0.12398004531860352
0,0.08478426933288574
0,0.08556032180786133
0,0.09155416488647461
0,0.09641408920288086
0,0.08565640449523926
0,0.0915517807006836
0,0.12264370918273926
0,0.09114813804626465
0,0.10523509979248047
0,0.09450674057006836
0,0.0905609130859375
0,0.09553003311157227
0,0.08008599281311035
0,0.09070038795471191
0,0.09501409530639648
0,0.09013032913208008
0,0.08133721351623535
0,0.10063028335571289
0,0.09308576583862305
0,0.08832526206970215
0,0.08162522315979004
0,0.08127832412719727
0,0.1080007553100586
0,0.09897923469543457
0,0.07888460159301758
0,0.26242923736572266
0,0.6857995986938477
0,0.8376708030700684
0,0.6853857040405273
0,1.8588812351226807
0,1.5571937561035156
0,0.12656831741333008
0,0.09179377555847168
0,0.08147382736206055
0,0.0943136215209961
0,0.0996549129486084
0,1.1205055713653564
0,0.08944487571716309
0,0.08715343475341797
0,0.11324167251586914
0,0.8334190845489502
0,1.2400829792022705
0,0.11176514625549316
0,0.8572838306427002
0,2.118675470352173
0,0.09653663635253906
0,0.08337807655334473
0,0.08242583274841309
