vehicle_id,response_time
0,1.068913459777832
0,0.15593743324279785
0,0.11106109619140625
0,0.10343575477600098
0,0.11989903450012207
0,0.14593815803527832
0,0.10902833938598633
0,0.11132049560546875
0,0.13411426544189453
0,0.08782362937927246
0,0.0856330394744873
0,0.09456706047058105
0,0.10024189949035645
0,0.08203363418579102
0,0.16120076179504395
0,0.14031481742858887
0,1.5338356494903564
0,1.4979240894317627
0,1.5353724956512451
0,1.15934419631958
0,0.12263059616088867
0,0.11249446868896484
0,0.11129164695739746
0,0.10546994209289551
0,0.17508673667907715
0,0.1167759895324707
0,0.10768961906433105
0,0.11514472961425781
0,0.09769964218139648
0,0.10074186325073242
0,0.10873889923095703
0,0.1519773006439209
0,0.12766695022583008
0,0.10879349708557129
0,0.10495328903198242
0,0.09390068054199219
0,0.10125446319580078
0,0.1483767032623291
0,0.1351337432861328
0,0.11005163192749023
0,0.17235732078552246
0,0.1462259292602539
0,0.1391315460205078
0,0.14113283157348633
0,0.12126970291137695
0,0.11556410789489746
0,0.10695171356201172
0,0.11847305297851562
0,0.1649317741394043
0,0.10036563873291016
0,0.11976242065429688
0,0.11550521850585938
0,0.11658525466918945
0,0.11847376823425293
0,0.10508561134338379
0,0.12578511238098145
0,0.11484217643737793
0,0.13174033164978027
0,0.11949276924133301
0,0.11610269546508789
0,0.1256406307220459
0,0.11505651473999023
0,0.1130068302154541
0,0.11266374588012695
0,0.10243940353393555
0,0.1131889820098877
0,0.09327912330627441
0,0.22118139266967773
0,0.09934186935424805
0,0.09168434143066406
0,0.1078028678894043
0,0.10277533531188965
0,0.1363081932067871
0,0.15337562561035156
0,0.10392594337463379
0,0.08774375915527344
0,0.1137700080871582
0,0.1247258186340332
0,0.1237947940826416
0,0.11126184463500977
0,0.10111880302429199
0,0.10084414482116699
0,0.1248624324798584
0,0.11813950538635254
0,0.11601924896240234
0,0.11246776580810547
0,0.1081380844116211
0,0.11571788787841797
0,0.1482558250427246
0,0.11719846725463867
2,1.070155143737793
2,0.14688801765441895
2,0.10585308074951172
2,0.132171630859375
2,0.1227879524230957
2,0.14081716537475586
2,0.11893010139465332
2,0.11694788932800293
2,0.09615063667297363
2,0.08148717880249023
2,0.09037351608276367
2,0.3380861282348633
2,0.1099083423614502
2,0.10621762275695801
2,0.08086681365966797
2,0.08313393592834473
2,1.6053447723388672
2,0.9309482574462891
2,0.9594779014587402
2,2.1646270751953125
2,0.11702561378479004
2,0.12460756301879883
2,0.08988785743713379
2,0.09894323348999023
2,0.14110589027404785
2,0.10784196853637695
2,0.12167692184448242
2,0.11837577819824219
2,0.1103363037109375
2,0.09054279327392578
2,0.0993509292602539
2,0.11608719825744629
2,0.34865236282348633
2,0.11857485771179199
2,0.0892782211303711
2,0.09733843803405762
2,0.094635009765625
2,0.11886096000671387
2,0.10928487777709961
2,0.1246941089630127
2,0.12910795211791992
2,0.12113785743713379
2,0.1199948787689209
2,0.13114237785339355
2,0.11554789543151855
2,0.1240389347076416
2,0.12169623374938965
2,0.10730814933776855
2,0.17860102653503418
2,0.09842419624328613
2,0.1358931064605713
2,0.12534761428833008
2,0.11410260200500488
2,0.15045666694641113
2,0.16016387939453125
2,0.11842465400695801
2,0.10704922676086426
2,0.11638069152832031
2,0.12439155578613281
2,0.11059308052062988
2,0.09363126754760742
2,0.14350652694702148
2,0.12804031372070312
2,0.10105204582214355
2,0.09137225151062012
2,0.11390066146850586
2,0.09662795066833496
2,0.2565746307373047
2,0.13840866088867188
2,0.12125110626220703
2,0.10022306442260742
2,0.10213375091552734
2,0.10267233848571777
2,0.12713027000427246
2,0.10429048538208008
2,0.14316773414611816
2,0.11688661575317383
2,0.13454985618591309
2,0.11353826522827148
2,0.11002707481384277
2,0.11983990669250488
2,0.12763214111328125
2,0.12190675735473633
2,0.12648653984069824
2,0.1186974048614502
2,0.11541390419006348
2,0.11659979820251465
2,0.1319286823272705
2,0.12327718734741211
2,0.1301727294921875
1,1.0700316429138184
1,0.13138103485107422
1,0.10140419006347656
1,0.1429600715637207
1,0.12040328979492188
1,0.11797428131103516
1,0.13959383964538574
1,0.15854740142822266
1,1.1139357089996338
1,0.09898734092712402
1,0.09355592727661133
1,0.09417200088500977
1,0.10349082946777344
1,0.16990947723388672
1,0.11490797996520996
1,0.7525944709777832
1,2.305286407470703
1,1.5341086387634277
1,1.112293004989624
1,0.10122132301330566
1,0.09700989723205566
1,0.13849139213562012
1,0.1027231216430664
1,0.16476726531982422
1,0.10653066635131836
1,0.10199427604675293
1,0.11989760398864746
1,0.10900235176086426
1,0.10771918296813965
1,0.12256383895874023
1,0.1577441692352295
1,0.1640617847442627
1,0.12185859680175781
1,0.10403633117675781
1,0.09848856925964355
1,0.10320639610290527
1,0.17980122566223145
1,0.09882783889770508
1,0.12685322761535645
1,0.19890880584716797
1,0.11132264137268066
1,0.11446571350097656
1,0.12363123893737793
1,0.10445618629455566
1,0.13737773895263672
1,0.1982896327972412
1,0.1317741870880127
1,0.15682363510131836
1,0.09217524528503418
1,0.13180112838745117
1,0.13997244834899902
1,0.10988068580627441
1,0.14310264587402344
1,0.143021821975708
1,0.141510009765625
1,0.1229095458984375
1,0.10107707977294922
1,0.13277363777160645
1,0.12408185005187988
1,0.09047126770019531
1,0.11705946922302246
1,0.1229555606842041
1,0.10500431060791016
1,0.0934135913848877
1,0.12085771560668945
1,0.09044861793518066
1,0.23690390586853027
1,0.1057136058807373
1,0.11357903480529785
1,0.1423203945159912
1,0.1078033447265625
1,0.10645651817321777
1,0.13168621063232422
1,0.10528182983398438
1,0.1248924732208252
1,0.1182243824005127
1,0.12873053550720215
1,0.13160228729248047
1,0.12035393714904785
1,0.1072988510131836
1,0.12958145141601562
1,0.12471294403076172
1,0.12169098854064941
1,0.14407014846801758
1,0.12203645706176758
1,0.09152460098266602
1,0.12427473068237305
1,0.13350915908813477
1,0.14122509956359863
1,0.12780046463012695
