vehicle_id,response_time
0,1.344480037689209
0,2.07611346244812
0,0.9499857425689697
0,0.9483880996704102
0,1.5810086727142334
0,0.47194576263427734
0,0.5245766639709473
0,1.4848196506500244
0,0.46805548667907715
0,0.20650696754455566
0,0.5727558135986328
0,0.710446834564209
0,0.7447333335876465
0,0.49892258644104004
0,0.29508399963378906
0,0.39614129066467285
0,0.32567882537841797
0,0.23871731758117676
0,0.7795238494873047
0,0.48578667640686035
0,0.13560271263122559
0,0.14070820808410645
0,0.0854792594909668
0,0.09804463386535645
0,0.08013248443603516
0,0.09163117408752441
0,0.09401106834411621
0,0.0846560001373291
0,0.09678769111633301
0,0.11197948455810547
1,1.3438811302185059
1,2.115264415740967
1,1.0763425827026367
1,5.84418511390686
1,0.5106127262115479
1,0.5262277126312256
1,0.4451115131378174
1,0.1608426570892334
1,0.5750143527984619
1,0.7514441013336182
1,0.7337112426757812
1,0.8838498592376709
1,0.14580345153808594
1,1.0996849536895752
1,0.4853379726409912
1,0.7819855213165283
1,0.31935834884643555
1,0.12891411781311035
1,0.0847923755645752
1,0.08451271057128906
1,0.08696818351745605
1,0.0792701244354248
1,0.08501863479614258
1,0.08141446113586426
1,0.08655595779418945
1,0.08343315124511719
1,0.09229087829589844
1,1.3627064228057861
1,0.7600765228271484
1,1.9899442195892334
3,1.1414752006530762
3,0.45998287200927734
3,5.503345489501953
3,1.1360735893249512
3,0.5301723480224609
3,0.5073111057281494
3,0.35987257957458496
3,0.5010206699371338
3,1.4961700439453125
3,0.558603048324585
3,0.49112796783447266
3,0.7540278434753418
3,0.6993343830108643
3,0.19488954544067383
3,0.6753778457641602
3,0.510216474533081
3,1.705866813659668
3,1.2546117305755615
3,0.1071767807006836
3,0.09649229049682617
3,1.1438212394714355
3,0.08471179008483887
3,0.09383702278137207
3,0.08176636695861816
3,0.09095573425292969
3,1.0864245891571045
3,0.33870506286621094
3,0.4100356101989746
3,1.7817978858947754
3,1.380845546722412
4,1.141751766204834
4,0.4588804244995117
4,9.384284257888794
4,2.242971181869507
4,0.29170942306518555
4,0.18706989288330078
4,0.36315155029296875
4,0.7095117568969727
4,2.0715441703796387
4,1.2982690334320068
4,0.8763608932495117
4,0.5036983489990234
4,1.549821138381958
4,0.7554047107696533
4,0.08922696113586426
4,0.09030580520629883
4,0.08317708969116211
4,0.08892178535461426
4,0.08426713943481445
4,0.09380149841308594
4,0.09177279472351074
4,0.0814218521118164
4,0.10749483108520508
4,1.4260880947113037
4,0.7691242694854736
4,1.9784080982208252
4,1.3815655708312988
4,0.9986550807952881
4,0.1402294635772705
4,0.0988624095916748
2,1.3439891338348389
2,2.0744247436523438
2,0.9499638080596924
2,4.107240438461304
2,0.4972035884857178
2,5.506656646728516
2,0.522303581237793
2,1.7152388095855713
2,0.8918681144714355
2,0.30847907066345215
2,0.731330394744873
2,0.5142061710357666
2,0.3441731929779053
2,0.7267272472381592
2,1.2404580116271973
2,0.13993597030639648
2,0.10654592514038086
2,0.08665871620178223
2,0.08204770088195801
2,0.09801721572875977
2,0.0839998722076416
2,0.0836951732635498
2,0.09217476844787598
2,1.6532988548278809
2,1.5699882507324219
2,1.3559186458587646
2,1.3129568099975586
2,1.2438158988952637
2,0.11365151405334473
2,0.10706162452697754
